101001010101010101010010101010101010100101010101010101001010101010101010010101010101010100101010101010
101001010101010101010010101010101010100101010101010101001010101010101010010101010101010100101010101010
10100101010101010101001010101010101010010101010101010100101010101010101001010101010101010010101010101010100101010101010
101001010101010101010010101010101010100101010101010101001010101010101010010101010101010100101010101010
101001010101010101010010101010101010100101010101010101001010101010101010010101010101010100101010101010
1010010101010101010100101010101010101001010101010101010010101010101010100101010101010
1010010101010101010100101010101010101001010101010101010010101010101010100101010101010101001010101010101010010101010101010100101010101010
1010010101010101010100101010101010101001010101010101010010101010101010100101010101010
101001010101010101010010101010101010100101010101010101001010101010101010010101010101010100101010101010
101001010101010101010010101010101010100101010101010101001010101010101010010101010101010100101010101010
1010010101010101010100101010101010101001010101010101010010101010101010100101010101010
101001010101010101010010101010101010100101010101010101001010101010101010010101010101010100101010101010
1010010101010101010100101010101010101001010101010101010010101010101010100101010101010
101001010101010101010010101010101010100101010101010101001010101010101010010101010101010100101010101010101001010101010101010010101010101010100101010101010
1010010101010101010100101010101010101001010101010101010010101010101010100101010101010
1010010101010101010100101010101010101001010101010101010010101010101010100101010101010
101001010101010101010010101010101010100101010101010101001010101010101010010101010101010100101010101010
